0.000000 -0.007843
0.002778 -0.003922
0.005556 -0.003922
0.008333 0.011765
0.011111 0.007843
0.013889 -0.003922
0.016667 -0.003922
0.019444 0.000000
0.022222 0.007843
0.025000 0.015686
0.027778 0.015686
0.030556 0.007843
0.033333 0.011765
0.036111 0.003922
0.038889 0.007843
0.041667 0.015686
0.044444 0.015686
0.047222 0.000000
0.050000 0.007843
0.052778 0.007843
0.055556 0.011765
0.058333 0.023529
0.061111 0.011765
0.063889 0.003922
0.066667 0.003922
0.069444 -0.007843
0.072222 0.007843
0.075000 0.023529
0.077778 0.007843
0.080556 0.003922
0.083333 -0.007843
0.086111 -0.003922
0.088889 0.007843
0.091667 0.007843
0.094444 0.007843
0.097222 0.000000
0.100000 -0.007843
0.102778 -0.007843
0.105556 -0.007843
0.108333 0.007843
0.111111 0.007843
0.113889 -0.003922
0.116667 -0.007843
0.119444 0.000000
0.122222 0.003922
0.125000 0.019608
0.127778 0.000000
0.130556 -0.003922
0.133333 -0.007843
0.136111 -0.007843
0.138889 -0.011765
0.141667 -0.003922
0.144444 -0.007843
0.147222 -0.003922
0.150000 -0.011765
0.152778 -0.007843
0.155556 0.011765
0.158333 0.019608
0.161111 0.023529
0.163889 0.023529
0.166667 0.027451
0.169444 0.031373
0.172222 0.039216
0.175000 0.050980
0.177778 0.058824
0.180556 0.050980
0.183333 0.050980
0.186111 0.058824
0.188889 0.062745
0.191667 0.078431
0.194444 0.070588
0.197222 0.078431
0.200000 0.054902
0.202778 0.062745
0.205556 0.074510
0.208333 0.082353
0.211111 0.078431
0.213889 0.074510
0.216667 0.062745
0.219444 0.062745
0.222222 0.066667
0.225000 0.082353
0.227778 0.082353
0.230556 0.074510
0.233333 0.062745
0.236111 0.054902
0.238889 0.066667
0.241667 0.070588
0.244444 0.066667
0.247222 0.062745
0.250000 0.054902
0.252778 0.050980
0.255556 0.047059
0.258333 0.058824
0.261111 0.058824
0.263889 0.050980
0.266667 0.043137
0.269444 0.043137
0.272222 0.054902
0.275000 0.066667
0.277778 0.047059
0.280556 0.047059
0.283333 0.047059
0.286111 0.050980
0.288889 0.047059
0.291667 0.062745
0.294444 0.054902
0.297222 0.043137
0.300000 0.039216
0.302778 0.031373
0.305556 0.043137
0.308333 0.050980
0.311111 0.039216
0.313889 0.039216
0.316667 0.019608
0.319444 0.027451
0.322222 0.035294
0.325000 0.039216
0.327778 0.027451
0.330556 0.031373
0.333333 0.011765
0.336111 0.011765
0.338889 0.015686
0.341667 0.027451
0.344444 0.031373
0.347222 0.027451
0.350000 0.023529
0.352778 0.023529
0.355556 0.027451
0.358333 0.043137
0.361111 0.039216
0.363889 0.019608
0.366667 0.015686
0.369444 0.015686
0.372222 0.015686
0.375000 0.023529
0.377778 0.023529
0.380556 0.011765
0.383333 0.007843
0.386111 0.000000
0.388889 0.007843
0.391667 0.019608
0.394444 0.015686
0.397222 0.011765
0.400000 0.000000
0.402778 -0.003922
0.405556 0.011765
0.408333 0.019608
0.411111 0.023529
0.413889 0.019608
0.416667 0.027451
0.419444 0.019608
0.422222 0.015686
0.425000 0.027451
0.427778 0.023529
0.430556 0.039216
0.433333 0.035294
0.436111 0.043137
0.438889 0.062745
0.441667 0.070588
0.444444 0.066667
0.447222 0.062745
0.450000 0.058824
0.452778 0.074510
0.455556 0.090196
0.458333 0.109804
0.461111 0.101961
0.463889 0.105882
0.466667 0.094118
0.469444 0.098039
0.472222 0.090196
0.475000 0.094118
0.477778 0.101961
0.480556 0.094118
0.483333 0.086275
0.486111 0.086275
0.488889 0.086275
0.491667 0.105882
0.494444 0.090196
0.497222 0.066667
0.500000 0.062745
0.502778 0.066667
0.505556 0.086275
0.508333 0.105882
0.511111 0.117647
0.513889 0.133333
0.516667 0.125490
0.519444 0.098039
0.522222 0.078431
0.525000 0.086275
0.527778 0.062745
0.530556 0.047059
0.533333 0.027451
0.536111 0.011765
0.538889 0.019608
0.541667 0.015686
0.544444 0.003922
0.547222 0.000000
0.550000 -0.007843
0.552778 -0.011765
0.555556 -0.003922
0.558333 0.003922
0.561111 0.000000
0.563889 0.000000
0.566667 -0.011765
0.569444 -0.027451
0.572222 -0.011765
0.575000 -0.003922
0.577778 -0.011765
0.580556 -0.015686
0.583333 -0.019608
0.586111 -0.019608
0.588889 -0.007843
0.591667 0.003922
0.594444 -0.015686
0.597222 -0.015686
0.600000 -0.019608
0.602778 -0.023529
0.605556 -0.027451
0.608333 -0.019608
0.611111 -0.043137
0.613889 -0.070588
0.616667 -0.105882
0.619444 -0.117647
0.622222 -0.129412
0.625000 -0.152941
0.627778 -0.168627
0.630556 -0.168627
0.633333 -0.113725
0.636111 -0.023529
0.638889 0.078431
0.641667 0.196078
0.644444 0.356863
0.647222 0.560784
0.650000 0.741176
0.652778 0.858824
0.655556 0.917647
0.658333 0.898039
0.661111 0.721569
0.663889 0.462745
0.666667 0.196078
0.669444 -0.015686
0.672222 -0.117647
0.675000 -0.141176
0.677778 -0.133333
0.680556 -0.109804
0.683333 -0.090196
0.686111 -0.070588
0.688889 -0.054902
0.691667 -0.043137
0.694444 -0.047059
0.697222 -0.050980
0.700000 -0.047059
0.702778 -0.050980
0.705556 -0.039216
0.708333 -0.035294
0.711111 -0.039216
0.713889 -0.047059
0.716667 -0.047059
0.719444 -0.047059
0.722222 -0.031373
0.725000 -0.027451
0.727778 -0.027451
0.730556 -0.043137
0.733333 -0.050980
0.736111 -0.047059
0.738889 -0.054902
0.741667 -0.047059
0.744444 -0.043137
0.747222 -0.047059
0.750000 -0.050980
0.752778 -0.050980
0.755556 -0.043137
0.758333 -0.027451
0.761111 -0.031373
0.763889 -0.043137
0.766667 -0.043137
0.769444 -0.047059
0.772222 -0.039216
0.775000 -0.039216
0.777778 -0.047059
0.780556 -0.047059
0.783333 -0.058824
0.786111 -0.062745
0.788889 -0.054902
0.791667 -0.039216
0.794444 -0.031373
0.797222 -0.035294
0.800000 -0.031373
0.802778 -0.039216
0.805556 -0.031373
0.808333 -0.027451
0.811111 -0.027451
0.813889 -0.035294
0.816667 -0.039216
0.819444 -0.043137
0.822222 -0.047059
0.825000 -0.035294
0.827778 -0.047059
0.830556 -0.050980
0.833333 -0.062745
0.836111 -0.058824
0.838889 -0.047059
0.841667 -0.039216
0.844444 -0.039216
0.847222 -0.054902
0.850000 -0.062745
0.852778 -0.062745
0.855556 -0.050980
0.858333 -0.031373
0.861111 -0.035294
0.863889 -0.039216
0.866667 -0.039216
0.869444 -0.043137
0.872222 -0.043137
0.875000 -0.039216
0.877778 -0.047059
0.880556 -0.047059
0.883333 -0.058824
0.886111 -0.054902
0.888889 -0.047059
0.891667 -0.039216
0.894444 -0.039216
0.897222 -0.054902
0.900000 -0.054902
0.902778 -0.054902
0.905556 -0.047059
0.908333 -0.035294
0.911111 -0.039216
0.913889 -0.047059
0.916667 -0.043137
0.919444 -0.054902
0.922222 -0.050980
0.925000 -0.039216
0.927778 -0.047059
0.930556 -0.047059
0.933333 -0.062745
0.936111 -0.058824
0.938889 -0.066667
0.941667 -0.062745
0.944444 -0.054902
0.947222 -0.047059
0.950000 -0.054902
0.952778 -0.047059
0.955556 -0.047059
0.958333 -0.027451
0.961111 -0.035294
0.963889 -0.027451
0.966667 -0.027451
0.969444 -0.031373
0.972222 -0.015686
0.975000 -0.007843
0.977778 -0.007843
0.980556 0.000000
0.983333 0.000000
0.986111 -0.003922
0.988889 0.003922
0.991667 0.011765
0.994444 0.023529
0.997222 0.015686
1.000000 0.023529
1.002778 0.015686
1.005556 0.023529
1.008333 0.031373
1.011111 0.027451
1.013889 0.027451
1.016667 0.023529
1.019444 0.019608
1.022222 0.019608
1.025000 0.019608
1.027778 0.023529
1.030556 0.015686
1.033333 0.011765
1.036111 0.007843
1.038889 0.011765
1.041667 0.019608
1.044444 0.015686
1.047222 0.011765
1.050000 0.000000
1.052778 0.003922
1.055556 0.011765
1.058333 0.015686
1.061111 0.011765
1.063889 0.011765
1.066667 0.015686
1.069444 0.015686
1.072222 0.023529
1.075000 0.023529
1.077778 0.015686
1.080556 0.003922
1.083333 -0.007843
1.086111 -0.007843
1.088889 0.007843
1.091667 0.019608
1.094444 0.003922
1.097222 -0.003922
1.100000 -0.003922
1.102778 -0.003922
1.105556 0.000000
1.108333 -0.003922
1.111111 0.003922
1.113889 -0.007843
1.116667 -0.015686
1.119444 -0.019608
1.122222 -0.007843
1.125000 -0.003922
1.127778 -0.007843
1.130556 -0.007843
1.133333 -0.019608
1.136111 -0.027451
1.138889 -0.019608
1.141667 -0.007843
1.144444 -0.011765
1.147222 -0.011765
1.150000 -0.023529
1.152778 -0.023529
1.155556 -0.015686
1.158333 0.000000
1.161111 -0.007843
1.163889 -0.015686
1.166667 -0.031373
1.169444 -0.031373
1.172222 -0.019608
1.175000 0.000000
1.177778 -0.015686
1.180556 -0.007843
1.183333 -0.019608
1.186111 -0.027451
1.188889 -0.019608
1.191667 -0.019608
1.194444 -0.023529
1.197222 -0.019608
1.200000 -0.027451
1.202778 -0.031373
1.205556 -0.015686
1.208333 -0.007843
1.211111 -0.015686
1.213889 -0.007843
1.216667 -0.003922
1.219444 0.003922
1.222222 0.027451
1.225000 0.031373
1.227778 0.043137
1.230556 0.043137
1.233333 0.035294
1.236111 0.035294
1.238889 0.050980
1.241667 0.062745
1.244444 0.070588
1.247222 0.074510
1.250000 0.078431
1.252778 0.074510
1.255556 0.082353
1.258333 0.090196
1.261111 0.074510
1.263889 0.066667
1.266667 0.062745
1.269444 0.047059
1.272222 0.058824
1.275000 0.062745
1.277778 0.070588
1.280556 0.058824
1.283333 0.062745
1.286111 0.058824
1.288889 0.058824
1.291667 0.058824
1.294444 0.050980
1.297222 0.062745
1.300000 0.078431
1.302778 0.101961
1.305556 0.094118
1.308333 0.078431
1.311111 0.039216
1.313889 0.019608
1.316667 0.003922
1.319444 -0.003922
1.322222 -0.003922
1.325000 0.000000
1.327778 -0.007843
1.330556 -0.023529
1.333333 -0.031373
1.336111 -0.035294
1.338889 -0.019608
1.341667 -0.019608
1.344444 -0.019608
1.347222 -0.023529
1.350000 -0.027451
1.352778 -0.039216
1.355556 -0.039216
1.358333 -0.039216
1.361111 -0.035294
1.363889 -0.035294
1.366667 -0.035294
1.369444 -0.039216
1.372222 -0.027451
1.375000 -0.023529
1.377778 -0.023529
1.380556 -0.023529
1.383333 -0.043137
1.386111 -0.047059
1.388889 -0.047059
1.391667 -0.047059
1.394444 -0.070588
1.397222 -0.098039
1.400000 -0.133333
1.402778 -0.145098
1.405556 -0.160784
1.408333 -0.192157
1.411111 -0.203922
1.413889 -0.184314
1.416667 -0.133333
1.419444 -0.062745
1.422222 0.015686
1.425000 0.090196
1.427778 0.176471
1.430556 0.270588
1.433333 0.403922
1.436111 0.552941
1.438889 0.701961
1.441667 0.807843
1.444444 0.882353
1.447222 0.905882
1.450000 0.866667
1.452778 0.670588
1.455556 0.403922
1.458333 0.141176
1.461111 -0.047059
1.463889 -0.133333
1.466667 -0.141176
1.469444 -0.117647
1.472222 -0.074510
1.475000 -0.062745
1.477778 -0.066667
1.480556 -0.070588
1.483333 -0.062745
1.486111 -0.062745
1.488889 -0.058824
1.491667 -0.039216
1.494444 -0.050980
1.497222 -0.058824
1.500000 -0.062745
1.502778 -0.062745
1.505556 -0.043137
1.508333 -0.047059
1.511111 -0.050980
1.513889 -0.054902
1.516667 -0.062745
1.519444 -0.066667
1.522222 -0.058824
1.525000 -0.062745
1.527778 -0.058824
1.530556 -0.066667
1.533333 -0.070588
1.536111 -0.078431
1.538889 -0.070588
1.541667 -0.054902
1.544444 -0.058824
1.547222 -0.062745
1.550000 -0.070588
1.552778 -0.078431
1.555556 -0.062745
1.558333 -0.054902
1.561111 -0.058824
1.563889 -0.074510
1.566667 -0.074510
1.569444 -0.074510
1.572222 -0.066667
1.575000 -0.050980
1.577778 -0.050980
1.580556 -0.050980
1.583333 -0.054902
1.586111 -0.062745
1.588889 -0.047059
1.591667 -0.047059
1.594444 -0.043137
1.597222 -0.054902
1.600000 -0.050980
1.602778 -0.062745
1.605556 -0.050980
1.608333 -0.050980
1.611111 -0.047059
1.613889 -0.050980
1.616667 -0.058824
1.619444 -0.062745
1.622222 -0.062745
1.625000 -0.047059
1.627778 -0.050980
1.630556 -0.062745
1.633333 -0.058824
1.636111 -0.054902
1.638889 -0.050980
1.641667 -0.054902
1.644444 -0.050980
1.647222 -0.058824
1.650000 -0.058824
1.652778 -0.066667
1.655556 -0.054902
1.658333 -0.043137
1.661111 -0.058824
1.663889 -0.066667
1.666667 -0.058824
1.669444 -0.054902
1.672222 -0.043137
1.675000 -0.043137
1.677778 -0.047059
1.680556 -0.047059
1.683333 -0.050980
1.686111 -0.062745
1.688889 -0.054902
1.691667 -0.050980
1.694444 -0.047059
1.697222 -0.062745
1.700000 -0.066667
1.702778 -0.070588
1.705556 -0.058824
1.708333 -0.050980
1.711111 -0.058824
1.713889 -0.058824
1.716667 -0.058824
1.719444 -0.062745
1.722222 -0.054902
1.725000 -0.047059
1.727778 -0.043137
1.730556 -0.047059
1.733333 -0.058824
1.736111 -0.054902
1.738889 -0.047059
1.741667 -0.035294
1.744444 -0.039216
1.747222 -0.027451
1.750000 -0.039216
1.752778 -0.027451
1.755556 -0.011765
1.758333 0.000000
1.761111 -0.007843
1.763889 -0.003922
1.766667 -0.007843
1.769444 0.003922
1.772222 0.015686
1.775000 0.015686
1.777778 0.031373
1.780556 0.015686
1.783333 0.003922
1.786111 0.011765
1.788889 0.015686
1.791667 0.027451
1.794444 0.031373
1.797222 0.019608
1.800000 0.023529
1.802778 0.011765
1.805556 0.015686
1.808333 0.023529
1.811111 0.019608
1.813889 0.019608
1.816667 0.015686
1.819444 0.011765
1.822222 0.019608
1.825000 0.031373
1.827778 0.023529
1.830556 0.023529
1.833333 0.015686
1.836111 0.011765
1.838889 0.015686
1.841667 0.023529
1.844444 0.027451
1.847222 0.015686
1.850000 0.007843
1.852778 -0.007843
1.855556 0.003922
1.858333 0.011765
1.861111 0.007843
1.863889 0.007843
1.866667 -0.003922
1.869444 -0.007843
1.872222 0.003922
1.875000 0.011765
1.877778 0.003922
1.880556 0.003922
1.883333 -0.007843
1.886111 -0.015686
1.888889 -0.003922
1.891667 0.011765
1.894444 0.003922
1.897222 -0.003922
1.900000 -0.007843
1.902778 -0.011765
1.905556 -0.003922
1.908333 0.000000
1.911111 0.003922
1.913889 -0.007843
1.916667 -0.011765
1.919444 -0.011765
1.922222 -0.007843
1.925000 -0.003922
1.927778 -0.007843
1.930556 -0.011765
1.933333 -0.019608
1.936111 -0.031373
1.938889 -0.023529
1.941667 -0.011765
1.944444 -0.015686
1.947222 -0.019608
1.950000 -0.027451
1.952778 -0.023529
1.955556 -0.011765
1.958333 -0.015686
1.961111 -0.015686
1.963889 -0.023529
1.966667 -0.027451
1.969444 -0.035294
1.972222 -0.019608
1.975000 -0.011765
1.977778 -0.015686
1.980556 -0.019608
1.983333 -0.015686
1.986111 -0.015686
1.988889 -0.003922
1.991667 -0.003922
1.994444 0.000000
1.997222 -0.007843
2.000000 -0.007843
2.002778 -0.003922
2.005556 0.011765
2.008333 0.015686
2.011111 0.027451
2.013889 0.031373
2.016667 0.027451
2.019444 0.035294
2.022222 0.043137
2.025000 0.054902
2.027778 0.054902
2.030556 0.058824
2.033333 0.054902
2.036111 0.054902
2.038889 0.074510
2.041667 0.090196
2.044444 0.086275
2.047222 0.074510
2.050000 0.074510
2.052778 0.058824
2.055556 0.062745
2.058333 0.074510
2.061111 0.062745
2.063889 0.062745
2.066667 0.066667
2.069444 0.050980
2.072222 0.058824
2.075000 0.058824
2.077778 0.086275
2.080556 0.090196
2.083333 0.082353
2.086111 0.050980
2.088889 0.043137
2.091667 0.039216
2.094444 0.027451
2.097222 -0.007843
2.100000 -0.003922
2.102778 -0.019608
2.105556 -0.011765
2.108333 -0.011765
2.111111 -0.015686
2.113889 -0.019608
2.116667 -0.023529
2.119444 -0.035294
2.122222 -0.019608
2.125000 -0.011765
2.127778 -0.015686
2.130556 -0.015686
2.133333 -0.027451
2.136111 -0.031373
2.138889 -0.031373
2.141667 -0.015686
2.144444 -0.019608
2.147222 -0.019608
2.150000 -0.027451
2.152778 -0.035294
2.155556 -0.031373
2.158333 -0.019608
2.161111 -0.027451
2.163889 -0.035294
2.166667 -0.031373
2.169444 -0.039216
2.172222 -0.035294
2.175000 -0.035294
2.177778 -0.058824
2.180556 -0.082353
2.183333 -0.117647
2.186111 -0.121569
2.188889 -0.125490
2.191667 -0.141176
2.194444 -0.180392
2.197222 -0.207843
2.200000 -0.164706
2.202778 -0.094118
2.205556 0.007843
2.208333 0.105882
2.211111 0.243137
2.213889 0.431373
2.216667 0.643137
2.219444 0.792157
2.222222 0.894118
2.225000 0.886275
2.227778 0.721569
2.230556 0.450980
2.233333 0.164706
2.236111 -0.054902
2.238889 -0.141176
2.241667 -0.121569
2.244444 -0.086275
2.247222 -0.062745
2.250000 -0.050980
2.252778 -0.062745
2.255556 -0.054902
2.258333 -0.039216
2.261111 -0.039216
2.263889 -0.043137
2.266667 -0.054902
2.269444 -0.058824
2.272222 -0.050980
2.275000 -0.043137
2.277778 -0.047059
2.280556 -0.043137
2.283333 -0.043137
2.286111 -0.047059
2.288889 -0.039216
2.291667 -0.027451
2.294444 -0.023529
2.297222 -0.043137
2.300000 -0.035294
2.302778 -0.043137
2.305556 -0.019608
2.308333 -0.023529
2.311111 -0.027451
2.313889 -0.035294
2.316667 -0.043137
2.319444 -0.043137
2.322222 -0.035294
2.325000 -0.031373
2.327778 -0.023529
2.330556 -0.039216
2.333333 -0.043137
2.336111 -0.047059
2.338889 -0.035294
2.341667 -0.031373
2.344444 -0.023529
2.347222 -0.031373
2.350000 -0.043137
2.352778 -0.039216
2.355556 -0.035294
2.358333 -0.023529
2.361111 -0.035294
2.363889 -0.031373
2.366667 -0.035294
2.369444 -0.035294
2.372222 -0.019608
2.375000 -0.019608
2.377778 -0.015686
2.380556 -0.019608
2.383333 -0.019608
2.386111 -0.023529
2.388889 -0.019608
2.391667 -0.007843
2.394444 -0.019608
2.397222 -0.027451
2.400000 -0.031373
2.402778 -0.039216
2.405556 -0.031373
2.408333 -0.023529
2.411111 -0.019608
2.413889 -0.019608
2.416667 -0.027451
2.419444 -0.035294
2.422222 -0.031373
2.425000 -0.023529
2.427778 -0.027451
2.430556 -0.031373
2.433333 -0.027451
2.436111 -0.035294
2.438889 -0.019608
2.441667 -0.015686
2.444444 -0.023529
2.447222 -0.019608
2.450000 -0.027451
2.452778 -0.023529
2.455556 -0.023529
2.458333 -0.015686
2.461111 -0.011765
2.463889 -0.019608
2.466667 -0.023529
2.469444 -0.035294
2.472222 -0.027451
2.475000 -0.015686
2.477778 -0.019608
2.480556 -0.031373
2.483333 -0.035294
2.486111 -0.039216
2.488889 -0.035294
2.491667 -0.027451
2.494444 -0.023529
2.497222 -0.015686
2.500000 -0.019608
2.502778 -0.015686
2.505556 -0.007843
2.508333 0.015686
2.511111 0.011765
2.513889 0.011765
2.516667 0.015686
2.519444 0.011765
2.522222 0.027451
2.525000 0.047059
2.527778 0.043137
2.530556 0.047059
2.533333 0.047059
2.536111 0.054902
2.538889 0.058824
2.541667 0.070588
2.544444 0.074510
2.547222 0.074510
2.550000 0.070588
2.552778 0.070588
2.555556 0.066667
2.558333 0.078431
2.561111 0.066667
2.563889 0.058824
2.566667 0.050980
2.569444 0.043137
2.572222 0.047059
2.575000 0.070588
2.577778 0.066667
2.580556 0.070588
2.583333 0.058824
2.586111 0.054902
2.588889 0.050980
2.591667 0.058824
2.594444 0.058824
2.597222 0.043137
2.600000 0.035294
2.602778 0.035294
2.605556 0.039216
2.608333 0.054902
2.611111 0.054902
2.613889 0.050980
2.616667 0.047059
2.619444 0.039216
2.622222 0.050980
2.625000 0.043137
2.627778 0.050980
2.630556 0.047059
2.633333 0.039216
2.636111 0.019608
2.638889 0.027451
2.641667 0.035294
2.644444 0.039216
2.647222 0.035294
2.650000 0.027451
2.652778 0.023529
2.655556 0.019608
2.658333 0.023529
2.661111 0.019608
2.663889 0.007843
2.666667 0.007843
2.669444 0.015686
2.672222 0.023529
2.675000 0.031373
2.677778 0.027451
2.680556 0.023529
2.683333 0.007843
2.686111 0.011765
2.688889 0.019608
2.691667 0.027451
2.694444 0.019608
2.697222 0.011765
2.700000 0.011765
2.702778 0.000000
2.705556 0.019608
2.708333 0.019608
2.711111 0.027451
2.713889 0.015686
2.716667 0.011765
2.719444 0.003922
2.722222 0.011765
2.725000 0.023529
2.727778 0.019608
2.730556 0.011765
2.733333 0.003922
2.736111 0.015686
2.738889 0.019608
2.741667 0.023529
2.744444 0.027451
2.747222 0.015686
2.750000 0.003922
2.752778 0.000000
2.755556 0.007843
2.758333 0.027451
2.761111 0.035294
2.763889 0.039216
2.766667 0.047059
2.769444 0.058824
2.772222 0.062745
2.775000 0.082353
2.777778 0.082353
2.780556 0.078431
2.783333 0.074510
2.786111 0.078431
2.788889 0.101961
2.791667 0.105882
2.794444 0.109804
2.797222 0.105882
2.800000 0.098039
2.802778 0.090196
2.805556 0.098039
2.808333 0.094118
2.811111 0.082353
2.813889 0.078431
2.816667 0.082353
2.819444 0.074510
2.822222 0.078431
2.825000 0.074510
2.827778 0.082353
2.830556 0.090196
2.833333 0.109804
2.836111 0.105882
2.838889 0.082353
2.841667 0.070588
2.844444 0.062745
2.847222 0.039216
2.850000 0.011765
2.852778 -0.007843
2.855556 0.011765
2.858333 0.011765
2.861111 0.003922
2.863889 0.003922
2.866667 -0.007843
2.869444 -0.011765
2.872222 -0.011765
2.875000 -0.003922
2.877778 -0.003922
2.880556 -0.003922
2.883333 0.000000
2.886111 -0.003922
2.888889 0.003922
2.891667 0.003922
2.894444 -0.011765
2.897222 -0.023529
2.900000 -0.019608
2.902778 -0.007843
2.905556 0.003922
2.908333 0.007843
2.911111 0.003922
2.913889 -0.003922
2.916667 -0.015686
2.919444 -0.019608
2.922222 -0.027451
2.925000 -0.050980
2.927778 -0.082353
2.930556 -0.105882
2.933333 -0.109804
2.936111 -0.133333
2.938889 -0.164706
2.941667 -0.172549
2.944444 -0.145098
2.947222 -0.058824
2.950000 0.058824
2.952778 0.192157
2.955556 0.392157
2.958333 0.639216
2.961111 0.843137
2.963889 0.945098
2.966667 0.913725
2.969444 0.709804
2.972222 0.407843
2.975000 0.113725
2.977778 -0.070588
2.980556 -0.133333
2.983333 -0.121569
2.986111 -0.082353
2.988889 -0.047059
2.991667 -0.047059
2.994444 -0.054902
2.997222 -0.058824
3.000000 -0.050980
3.002778 -0.050980
3.005556 -0.043137
3.008333 -0.043137
3.011111 -0.035294
3.013889 -0.047059
3.016667 -0.047059
3.019444 -0.050980
3.022222 -0.035294
3.025000 -0.027451
3.027778 -0.031373
3.030556 -0.043137
3.033333 -0.050980
3.036111 -0.054902
3.038889 -0.050980
3.041667 -0.031373
3.044444 -0.035294
3.047222 -0.043137
3.050000 -0.047059
3.052778 -0.050980
3.055556 -0.039216
3.058333 -0.035294
3.061111 -0.043137
3.063889 -0.039216
3.066667 -0.054902
3.069444 -0.058824
3.072222 -0.047059
3.075000 -0.047059
3.077778 -0.039216
3.080556 -0.047059
3.083333 -0.050980
3.086111 -0.047059
3.088889 -0.035294
3.091667 -0.043137
3.094444 -0.043137
3.097222 -0.050980
3.100000 -0.062745
3.102778 -0.066667
3.105556 -0.054902
3.108333 -0.050980
3.111111 -0.043137
3.113889 -0.047059
3.116667 -0.047059
3.119444 -0.050980
3.122222 -0.039216
3.125000 -0.035294
3.127778 -0.043137
3.130556 -0.047059
3.133333 -0.062745
3.136111 -0.054902
3.138889 -0.047059
3.141667 -0.039216
3.144444 -0.043137
3.147222 -0.035294
3.150000 -0.039216
3.152778 -0.043137
3.155556 -0.047059
3.158333 -0.035294
3.161111 -0.043137
3.163889 -0.047059
3.166667 -0.058824
3.169444 -0.050980
3.172222 -0.047059
3.175000 -0.035294
3.177778 -0.035294
3.180556 -0.039216
3.183333 -0.047059
3.186111 -0.058824
3.188889 -0.047059
3.191667 -0.043137
3.194444 -0.050980
3.197222 -0.058824
3.200000 -0.070588
3.202778 -0.074510
3.205556 -0.062745
3.208333 -0.058824
3.211111 -0.066667
3.213889 -0.066667
3.216667 -0.074510
3.219444 -0.062745
3.222222 -0.058824
3.225000 -0.054902
3.227778 -0.054902
3.230556 -0.070588
3.233333 -0.070588
3.236111 -0.074510
3.238889 -0.066667
3.241667 -0.050980
3.244444 -0.043137
3.247222 -0.043137
3.250000 -0.039216
3.252778 -0.035294
3.255556 -0.019608
3.258333 0.000000
3.261111 0.000000
3.263889 0.000000
3.266667 0.011765
3.269444 0.015686
3.272222 0.023529
3.275000 0.031373
3.277778 0.039216
3.280556 0.043137
3.283333 0.031373
3.286111 0.031373
3.288889 0.043137
3.291667 0.047059
3.294444 0.047059
3.297222 0.054902
3.300000 0.043137
3.302778 0.043137
3.305556 0.054902
3.308333 0.058824
3.311111 0.047059
3.313889 0.047059
3.316667 0.039216
3.319444 0.027451
3.322222 0.035294
3.325000 0.039216
3.327778 0.043137
3.330556 0.031373
3.333333 0.031373
3.336111 0.023529
3.338889 0.031373
3.341667 0.039216
3.344444 0.039216
3.347222 0.031373
3.350000 0.027451
3.352778 0.027451
3.355556 0.019608
3.358333 0.023529
3.361111 0.023529
3.363889 0.031373
3.366667 0.023529
3.369444 0.015686
3.372222 0.031373
3.375000 0.039216
3.377778 0.035294
3.380556 0.035294
3.383333 0.023529
3.386111 0.019608
3.388889 0.023529
3.391667 0.031373
3.394444 0.031373
3.397222 0.019608
3.400000 0.011765
3.402778 0.007843
3.405556 0.019608
3.408333 0.027451
3.411111 0.027451
3.413889 0.019608
3.416667 0.015686
3.419444 0.011765
3.422222 0.011765
3.425000 0.015686
3.427778 0.019608
3.430556 0.011765
3.433333 0.007843
3.436111 0.003922
3.438889 0.015686
3.441667 0.023529
3.444444 0.015686
3.447222 0.007843
3.450000 0.015686
3.452778 0.015686
3.455556 0.015686
3.458333 0.019608
3.461111 0.019608
3.463889 0.011765
3.466667 0.019608
3.469444 0.019608
3.472222 0.019608
3.475000 0.023529
3.477778 0.019608
3.480556 0.023529
3.483333 0.003922
3.486111 0.007843
3.488889 0.019608
3.491667 0.027451
3.494444 0.035294
3.497222 0.027451
3.500000 0.027451
3.502778 0.031373
3.505556 0.047059
3.508333 0.062745
3.511111 0.074510
3.513889 0.074510
3.516667 0.058824
3.519444 0.062745
3.522222 0.086275
3.525000 0.105882
3.527778 0.117647
3.530556 0.113725
3.533333 0.109804
3.536111 0.098039
3.538889 0.113725
3.541667 0.121569
3.544444 0.109804
3.547222 0.101961
3.550000 0.094118
3.552778 0.086275
3.555556 0.094118
3.558333 0.101961
3.561111 0.094118
3.563889 0.078431
3.566667 0.078431
3.569444 0.098039
3.572222 0.117647
3.575000 0.125490
3.577778 0.101961
3.580556 0.074510
3.583333 0.054902
3.586111 0.031373
3.588889 0.027451
3.591667 0.035294
3.594444 0.031373
3.597222 0.019608
3.600000 0.007843
3.602778 0.011765
3.605556 0.019608
3.608333 0.019608
3.611111 0.015686
3.613889 0.015686
3.616667 0.007843
3.619444 0.003922
3.622222 0.003922
3.625000 0.007843
3.627778 0.015686
3.630556 0.015686
3.633333 0.007843
3.636111 -0.007843
3.638889 0.000000
3.641667 0.019608
3.644444 0.007843
3.647222 0.011765
3.650000 0.011765
3.652778 -0.003922
3.655556 0.007843
3.658333 0.019608
3.661111 0.003922
3.663889 -0.015686
3.666667 -0.043137
3.669444 -0.078431
3.672222 -0.074510
3.675000 -0.058824
3.677778 -0.078431
3.680556 -0.125490
3.683333 -0.156863
3.686111 -0.149020
3.688889 -0.066667
3.691667 0.047059
3.694444 0.172549
3.697222 0.313725
3.700000 0.517647
3.702778 0.749020
3.705556 0.917647
3.708333 0.980392
3.711111 0.886275
3.713889 0.623529
3.716667 0.286275
3.719444 0.019608
3.722222 -0.101961
3.725000 -0.101961
3.727778 -0.066667
3.730556 -0.035294
3.733333 -0.019608
3.736111 -0.027451
3.738889 -0.027451
3.741667 -0.019608
3.744444 -0.015686
3.747222 -0.023529
3.750000 -0.023529
3.752778 -0.027451
3.755556 -0.027451
3.758333 -0.015686
3.761111 -0.015686
3.763889 -0.015686
3.766667 -0.023529
3.769444 -0.035294
3.772222 -0.015686
3.775000 -0.015686
3.777778 -0.015686
3.780556 -0.023529
3.783333 -0.015686
3.786111 -0.027451
3.788889 -0.019608
3.791667 -0.011765
3.794444 -0.019608
3.797222 -0.023529
3.800000 -0.031373
3.802778 -0.031373
3.805556 -0.027451
3.808333 -0.011765
3.811111 -0.015686
3.813889 -0.007843
3.816667 -0.023529
3.819444 -0.015686
3.822222 -0.011765
3.825000 -0.003922
3.827778 -0.007843
3.830556 -0.019608
3.833333 -0.019608
3.836111 -0.011765
3.838889 -0.011765
3.841667 0.000000
3.844444 0.000000
3.847222 0.000000
3.850000 -0.003922
3.852778 -0.011765
3.855556 -0.011765
3.858333 0.003922
3.861111 -0.003922
3.863889 -0.003922
3.866667 -0.011765
3.869444 -0.007843
3.872222 -0.003922
3.875000 0.003922
3.877778 0.000000
3.880556 0.003922
3.883333 -0.007843
3.886111 -0.007843
3.888889 0.000000
3.891667 0.000000
3.894444 -0.007843
3.897222 -0.007843
3.900000 0.000000
3.902778 -0.011765
3.905556 -0.007843
3.908333 -0.003922
3.911111 -0.003922
3.913889 0.003922
3.916667 -0.003922
3.919444 -0.003922
3.922222 0.000000
3.925000 0.011765
3.927778 0.011765
3.930556 -0.003922
3.933333 -0.003922
3.936111 -0.011765
3.938889 0.000000
3.941667 0.003922
3.944444 0.000000
3.947222 -0.003922
3.950000 -0.023529
3.952778 -0.027451
3.955556 -0.015686
3.958333 -0.011765
3.961111 -0.015686
3.963889 -0.011765
3.966667 -0.011765
3.969444 -0.019608
3.972222 -0.003922
3.975000 -0.003922
3.977778 0.007843
3.980556 0.011765
3.983333 0.007843
3.986111 0.019608
3.988889 0.039216
3.991667 0.047059
3.994444 0.058824
3.997222 0.054902
4.000000 0.054902
4.002778 0.058824
4.005556 0.066667
4.008333 0.082353
4.011111 0.070588
4.013889 0.070588
4.016667 0.066667
4.019444 0.074510
4.022222 0.074510
4.025000 0.082353
4.027778 0.082353
4.030556 0.074510
4.033333 0.062745
4.036111 0.066667
4.038889 0.074510
4.041667 0.082353
4.044444 0.078431
4.047222 0.078431
4.050000 0.066667
4.052778 0.070588
4.055556 0.078431
4.058333 0.082353
4.061111 0.086275
4.063889 0.074510
4.066667 0.078431
4.069444 0.070588
4.072222 0.070588
4.075000 0.082353
4.077778 0.082353
4.080556 0.070588
4.083333 0.066667
4.086111 0.062745
4.088889 0.066667
4.091667 0.066667
4.094444 0.066667
4.097222 0.062745
4.100000 0.054902
4.102778 0.050980
4.105556 0.058824
4.108333 0.062745
4.111111 0.054902
4.113889 0.058824
4.116667 0.050980
4.119444 0.043137
4.122222 0.050980
4.125000 0.043137
4.127778 0.047059
4.130556 0.047059
4.133333 0.043137
4.136111 0.039216
4.138889 0.050980
4.141667 0.054902
4.144444 0.054902
4.147222 0.047059
4.150000 0.043137
4.152778 0.035294
4.155556 0.043137
4.158333 0.039216
4.161111 0.039216
4.163889 0.039216
4.166667 0.023529
4.169444 0.023529
4.172222 0.019608
4.175000 0.031373
4.177778 0.035294
4.180556 0.031373
4.183333 0.019608
4.186111 0.027451
4.188889 0.031373
4.191667 0.031373
4.194444 0.027451
4.197222 0.027451
4.200000 0.023529
4.202778 0.019608
4.205556 0.023529
4.208333 0.043137
4.211111 0.039216
4.213889 0.035294
4.216667 0.027451
4.219444 0.039216
4.222222 0.043137
4.225000 0.047059
4.227778 0.047059
4.230556 0.047059
4.233333 0.039216
4.236111 0.039216
4.238889 0.058824
4.241667 0.074510
4.244444 0.086275
4.247222 0.082353
4.250000 0.086275
4.252778 0.082353
4.255556 0.098039
4.258333 0.117647
4.261111 0.117647
4.263889 0.117647
4.266667 0.113725
4.269444 0.117647
4.272222 0.121569
4.275000 0.129412
4.277778 0.129412
4.280556 0.121569
4.283333 0.105882
4.286111 0.094118
4.288889 0.105882
4.291667 0.117647
4.294444 0.117647
4.297222 0.109804
4.300000 0.090196
4.302778 0.086275
4.305556 0.113725
4.308333 0.133333
4.311111 0.145098
4.313889 0.129412
4.316667 0.105882
4.319444 0.090196
4.322222 0.086275
4.325000 0.086275
4.327778 0.086275
4.330556 0.070588
4.333333 0.050980
4.336111 0.039216
4.338889 0.050980
4.341667 0.054902
4.344444 0.047059
4.347222 0.043137
4.350000 0.035294
4.352778 0.027451
4.355556 0.023529
4.358333 0.023529
4.361111 0.019608
4.363889 0.015686
4.366667 0.015686
4.369444 0.007843
4.372222 0.011765
4.375000 0.015686
4.377778 0.019608
4.380556 0.015686
4.383333 0.007843
4.386111 0.007843
4.388889 0.019608
4.391667 0.015686
4.394444 0.019608
4.397222 0.007843
4.400000 0.007843
4.402778 0.000000
4.405556 0.000000
4.408333 0.007843
4.411111 -0.003922
4.413889 -0.015686
4.416667 -0.050980
4.419444 -0.090196
4.422222 -0.094118
4.425000 -0.113725
4.427778 -0.141176
4.430556 -0.156863
4.433333 -0.121569
4.436111 -0.035294
4.438889 0.094118
4.441667 0.211765
4.444444 0.376471
4.447222 0.580392
4.450000 0.784314
4.452778 0.929412
4.455556 0.976471
4.458333 0.905882
4.461111 0.674510
4.463889 0.356863
4.466667 0.086275
4.469444 -0.070588
4.472222 -0.109804
4.475000 -0.086275
4.477778 -0.050980
4.480556 -0.019608
4.483333 -0.019608
4.486111 -0.019608
4.488889 -0.019608
4.491667 -0.011765
4.494444 -0.007843
4.497222 -0.015686
4.500000 -0.027451
4.502778 -0.027451
4.505556 -0.027451
4.508333 -0.015686
4.511111 -0.011765
4.513889 -0.019608
4.516667 -0.027451
4.519444 -0.027451
4.522222 -0.015686
4.525000 -0.007843
4.527778 -0.015686
4.530556 -0.003922
4.533333 -0.011765
4.536111 -0.015686
4.538889 -0.011765
4.541667 0.000000
4.544444 -0.003922
4.547222 -0.011765
4.550000 -0.007843
4.552778 -0.011765
4.555556 -0.007843
4.558333 -0.003922
4.561111 -0.011765
4.563889 -0.011765
4.566667 -0.019608
4.569444 -0.027451
4.572222 -0.007843
4.575000 0.007843
4.577778 0.003922
4.580556 0.000000
4.583333 -0.015686
4.586111 -0.019608
4.588889 -0.007843
4.591667 0.000000
4.594444 -0.007843
4.597222 -0.007843
4.600000 -0.015686
4.602778 -0.011765
4.605556 -0.007843
4.608333 -0.007843
4.611111 0.003922
4.613889 -0.003922
4.616667 -0.007843
4.619444 -0.007843
4.622222 0.000000
4.625000 0.007843
4.627778 -0.007843
4.630556 -0.007843
4.633333 -0.015686
4.636111 -0.011765
4.638889 0.000000
4.641667 -0.003922
4.644444 0.000000
4.647222 0.000000
4.650000 -0.011765
4.652778 -0.003922
4.655556 0.003922
4.658333 0.000000
4.661111 0.003922
4.663889 0.000000
4.666667 0.000000
4.669444 0.000000
4.672222 -0.003922
4.675000 0.007843
4.677778 0.007843
4.680556 -0.003922
4.683333 -0.003922
4.686111 0.000000
4.688889 -0.007843
4.691667 0.000000
4.694444 -0.003922
4.697222 -0.015686
4.700000 -0.015686
4.702778 -0.023529
4.705556 -0.015686
4.708333 -0.011765
4.711111 -0.007843
4.713889 -0.015686
4.716667 -0.023529
4.719444 -0.027451
4.722222 -0.011765
4.725000 -0.007843
4.727778 -0.003922
4.730556 -0.011765
4.733333 -0.011765
4.736111 -0.015686
4.738889 0.000000
4.741667 0.003922
4.744444 0.015686
4.747222 0.023529
4.750000 0.019608
4.752778 0.015686
4.755556 0.035294
4.758333 0.047059
4.761111 0.054902
4.763889 0.050980
4.766667 0.047059
4.769444 0.043137
4.772222 0.066667
4.775000 0.066667
4.777778 0.078431
4.780556 0.066667
4.783333 0.062745
4.786111 0.062745
4.788889 0.074510
4.791667 0.078431
4.794444 0.082353
4.797222 0.074510
4.800000 0.078431
4.802778 0.074510
4.805556 0.082353
4.808333 0.082353
4.811111 0.074510
4.813889 0.078431
4.816667 0.066667
4.819444 0.062745
4.822222 0.070588
4.825000 0.078431
4.827778 0.082353
4.830556 0.078431
4.833333 0.070588
4.836111 0.078431
4.838889 0.078431
4.841667 0.078431
4.844444 0.078431
4.847222 0.074510
4.850000 0.066667
4.852778 0.062745
4.855556 0.074510
4.858333 0.082353
4.861111 0.070588
4.863889 0.070588
4.866667 0.062745
4.869444 0.050980
4.872222 0.058824
4.875000 0.062745
4.877778 0.062745
4.880556 0.058824
4.883333 0.050980
4.886111 0.043137
4.888889 0.047059
4.891667 0.054902
4.894444 0.054902
4.897222 0.058824
4.900000 0.039216
4.902778 0.031373
4.905556 0.047059
4.908333 0.054902
4.911111 0.062745
4.913889 0.043137
4.916667 0.039216
4.919444 0.027451
4.922222 0.047059
4.925000 0.050980
4.927778 0.043137
4.930556 0.039216
4.933333 0.031373
4.936111 0.027451
4.938889 0.031373
4.941667 0.035294
4.944444 0.035294
4.947222 0.031373
4.950000 0.019608
4.952778 0.019608
4.955556 0.027451
4.958333 0.031373
4.961111 0.023529
4.963889 0.027451
4.966667 0.023529
4.969444 0.019608
4.972222 0.023529
4.975000 0.043137
4.977778 0.047059
4.980556 0.035294
4.983333 0.031373
4.986111 0.031373
4.988889 0.039216
4.991667 0.039216
4.994444 0.043137
4.997222 0.043137
5.000000 0.031373
5.002778 0.035294
5.005556 0.035294
5.008333 0.039216
5.011111 0.043137
5.013889 0.043137
5.016667 0.043137
5.019444 0.043137
5.022222 0.062745
5.025000 0.070588
5.027778 0.082353
5.030556 0.078431
5.033333 0.078431
5.036111 0.074510
5.038889 0.082353
5.041667 0.090196
5.044444 0.101961
5.047222 0.098039
5.050000 0.098039
5.052778 0.105882
5.055556 0.117647
5.058333 0.125490
5.061111 0.121569
5.063889 0.125490
5.066667 0.109804
5.069444 0.113725
5.072222 0.105882
5.075000 0.109804
5.077778 0.109804
5.080556 0.113725
5.083333 0.105882
5.086111 0.086275
5.088889 0.094118
5.091667 0.101961
5.094444 0.117647
5.097222 0.129412
5.100000 0.105882
5.102778 0.094118
5.105556 0.078431
5.108333 0.074510
5.111111 0.074510
5.113889 0.066667
5.116667 0.043137
5.119444 0.031373
5.122222 0.043137
5.125000 0.043137
5.127778 0.039216
5.130556 0.027451
5.133333 0.027451
5.136111 0.011765
5.138889 0.019608
5.141667 0.011765
5.144444 0.019608
5.147222 0.019608
5.150000 0.011765
5.152778 0.003922
5.155556 0.003922
5.158333 0.011765
5.161111 0.015686
5.163889 0.011765
5.166667 0.003922
5.169444 0.003922
5.172222 0.003922
5.175000 0.007843
5.177778 0.007843
5.180556 -0.007843
5.183333 -0.007843
5.186111 0.000000
5.188889 -0.003922
5.191667 0.003922
5.194444 0.007843
5.197222 0.000000
5.200000 -0.011765
5.202778 -0.027451
5.205556 -0.039216
5.208333 -0.058824
5.211111 -0.082353
5.213889 -0.094118
5.216667 -0.125490
5.219444 -0.152941
5.222222 -0.152941
5.225000 -0.113725
5.227778 -0.031373
5.230556 0.062745
5.233333 0.160784
5.236111 0.298039
5.238889 0.498039
5.241667 0.705882
5.244444 0.886275
5.247222 0.984314
5.250000 1.000000
5.252778 0.890196
5.255556 0.654902
5.258333 0.364706
5.261111 0.101961
5.263889 -0.066667
5.266667 -0.129412
5.269444 -0.117647
5.272222 -0.078431
5.275000 -0.035294
5.277778 -0.015686
5.280556 -0.015686
5.283333 -0.023529
5.286111 -0.031373
5.288889 -0.019608
5.291667 -0.015686
5.294444 -0.015686
5.297222 -0.015686
5.300000 -0.019608
5.302778 -0.023529
5.305556 -0.019608
5.308333 -0.007843
5.311111 -0.015686
5.313889 -0.023529
5.316667 -0.027451
5.319444 -0.023529
5.322222 -0.019608
5.325000 -0.011765
5.327778 -0.011765
5.330556 -0.015686
5.333333 -0.015686
5.336111 -0.019608
5.338889 -0.023529
5.341667 -0.011765
5.344444 -0.011765
5.347222 -0.007843
5.350000 -0.019608
5.352778 -0.019608
5.355556 -0.003922
5.358333 0.000000
5.361111 0.003922
5.363889 -0.011765
5.366667 -0.019608
5.369444 -0.027451
5.372222 -0.019608
5.375000 0.000000
5.377778 -0.003922
5.380556 -0.011765
5.383333 -0.015686
5.386111 -0.023529
5.388889 -0.015686
5.391667 -0.003922
5.394444 -0.003922
5.397222 -0.011765
5.400000 -0.007843
5.402778 -0.007843
5.405556 -0.003922
5.408333 0.000000
5.411111 -0.003922
5.413889 -0.011765
5.416667 -0.011765
5.419444 -0.015686
5.422222 -0.011765
5.425000 -0.011765
5.427778 -0.011765
5.430556 -0.007843
5.433333 -0.011765
5.436111 -0.019608
5.438889 -0.011765
5.441667 -0.003922
5.444444 0.000000
5.447222 -0.003922
5.450000 0.000000
5.452778 -0.011765
5.455556 -0.003922
5.458333 0.003922
5.461111 -0.003922
5.463889 -0.007843
5.466667 -0.007843
5.469444 -0.015686
5.472222 -0.003922
5.475000 0.003922
5.477778 0.007843
5.480556 0.000000
5.483333 -0.011765
5.486111 -0.007843
5.488889 -0.003922
5.491667 -0.003922
5.494444 0.000000
5.497222 -0.011765
5.500000 -0.015686
5.502778 -0.023529
5.505556 -0.011765
5.508333 -0.007843
5.511111 -0.003922
5.513889 -0.003922
5.516667 -0.011765
5.519444 -0.011765
5.522222 -0.003922
5.525000 0.003922
5.527778 0.000000
5.530556 0.003922
5.533333 -0.003922
5.536111 -0.003922
5.538889 -0.003922
5.541667 0.003922
5.544444 0.003922
5.547222 0.007843
5.550000 0.000000
5.552778 -0.003922
5.555556 0.023529
5.558333 0.019608
5.561111 0.039216
5.563889 0.035294
5.566667 0.031373
5.569444 0.031373
5.572222 0.039216
5.575000 0.054902
5.577778 0.058824
5.580556 0.054902
5.583333 0.043137
5.586111 0.047059
5.588889 0.062745
5.591667 0.074510
5.594444 0.074510
5.597222 0.078431
5.600000 0.074510
5.602778 0.074510
5.605556 0.078431
5.608333 0.074510
5.611111 0.078431
5.613889 0.082353
5.616667 0.070588
5.619444 0.070588
5.622222 0.074510
5.625000 0.082353
5.627778 0.074510
5.630556 0.082353
5.633333 0.070588
5.636111 0.074510
5.638889 0.074510
5.641667 0.070588
5.644444 0.082353
5.647222 0.070588
5.650000 0.066667
5.652778 0.062745
5.655556 0.078431
5.658333 0.078431
5.661111 0.074510
5.663889 0.070588
5.666667 0.054902
5.669444 0.058824
5.672222 0.062745
5.675000 0.070588
5.677778 0.074510
5.680556 0.062745
5.683333 0.054902
5.686111 0.054902
5.688889 0.062745
5.691667 0.066667
5.694444 0.070588
5.697222 0.058824
5.700000 0.047059
5.702778 0.043137
5.705556 0.050980
5.708333 0.054902
5.711111 0.054902
5.713889 0.050980
5.716667 0.043137
5.719444 0.035294
5.722222 0.043137
5.725000 0.050980
5.727778 0.050980
5.730556 0.043137
5.733333 0.035294
5.736111 0.035294
5.738889 0.035294
5.741667 0.039216
5.744444 0.035294
5.747222 0.043137
5.750000 0.023529
5.752778 0.027451
5.755556 0.023529
5.758333 0.043137
5.761111 0.039216
5.763889 0.035294
5.766667 0.035294
5.769444 0.027451
5.772222 0.039216
5.775000 0.043137
5.777778 0.043137
5.780556 0.039216
5.783333 0.031373
5.786111 0.027451
5.788889 0.031373
5.791667 0.043137
5.794444 0.035294
5.797222 0.039216
5.800000 0.031373
5.802778 0.027451
5.805556 0.031373
5.808333 0.035294
5.811111 0.043137
5.813889 0.043137
5.816667 0.043137
5.819444 0.054902
5.822222 0.058824
5.825000 0.082353
5.827778 0.086275
5.830556 0.082353
5.833333 0.082353
5.836111 0.082353
5.838889 0.086275
5.841667 0.109804
5.844444 0.105882
5.847222 0.113725
5.850000 0.121569
5.852778 0.125490
5.855556 0.129412
5.858333 0.137255
5.861111 0.137255
5.863889 0.125490
5.866667 0.109804
5.869444 0.101961
5.872222 0.105882
5.875000 0.117647
5.877778 0.109804
5.880556 0.098039
5.883333 0.086275
5.886111 0.086275
5.888889 0.105882
5.891667 0.129412
5.894444 0.141176
5.897222 0.117647
5.900000 0.090196
5.902778 0.070588
5.905556 0.070588
5.908333 0.074510
5.911111 0.062745
5.913889 0.058824
5.916667 0.035294
5.919444 0.023529
5.922222 0.027451
5.925000 0.031373
5.927778 0.023529
5.930556 0.019608
5.933333 0.015686
5.936111 0.011765
5.938889 0.015686
5.941667 0.019608
5.944444 0.027451
5.947222 0.015686
5.950000 0.007843
5.952778 0.007843
5.955556 0.003922
5.958333 0.007843
5.961111 0.007843
5.963889 0.007843
5.966667 -0.003922
5.969444 -0.007843
5.972222 -0.003922
5.975000 0.007843
5.977778 0.015686
5.980556 0.007843
5.983333 0.003922
5.986111 -0.007843
5.988889 -0.003922
5.991667 0.000000
5.994444 -0.011765
5.997222 -0.054902
6.000000 -0.082353
6.002778 -0.101961
6.005556 -0.113725
6.008333 -0.133333
6.011111 -0.164706
6.013889 -0.168627
6.016667 -0.121569
6.019444 -0.043137
6.022222 0.047059
6.025000 0.168627
6.027778 0.317647
6.030556 0.525490
6.033333 0.717647
6.036111 0.847059
6.038889 0.933333
6.041667 0.898039
6.044444 0.749020
6.047222 0.486275
6.050000 0.215686
6.052778 -0.011765
6.055556 -0.105882
6.058333 -0.121569
6.061111 -0.086275
6.063889 -0.062745
6.066667 -0.031373
6.069444 -0.031373
6.072222 -0.031373
6.075000 -0.023529
6.077778 -0.015686
6.080556 -0.019608
6.083333 -0.019608
6.086111 -0.035294
6.088889 -0.023529
6.091667 -0.023529
6.094444 -0.031373
6.097222 -0.031373
6.100000 -0.039216
6.102778 -0.043137
6.105556 -0.035294
6.108333 -0.023529
6.111111 -0.023529
6.113889 -0.035294
6.116667 -0.043137
6.119444 -0.039216
6.122222 -0.035294
6.125000 -0.031373
6.127778 -0.023529
6.130556 -0.027451
6.133333 -0.035294
6.136111 -0.043137
6.138889 -0.035294
6.141667 -0.027451
6.144444 -0.023529
6.147222 -0.015686
6.150000 -0.035294
6.152778 -0.039216
6.155556 -0.027451
6.158333 -0.023529
6.161111 -0.031373
6.163889 -0.031373
6.166667 -0.039216
6.169444 -0.043137
6.172222 -0.031373
6.175000 -0.023529
6.177778 -0.031373
6.180556 -0.039216
6.183333 -0.043137
6.186111 -0.039216
6.188889 -0.035294
6.191667 -0.035294
6.194444 -0.023529
6.197222 -0.035294
6.200000 -0.039216
6.202778 -0.035294
6.205556 -0.031373
6.208333 -0.019608
6.211111 -0.019608
6.213889 -0.027451
6.216667 -0.031373
6.219444 -0.035294
6.222222 -0.031373
6.225000 -0.015686
6.227778 -0.011765
6.230556 -0.019608
6.233333 -0.039216
6.236111 -0.023529
6.238889 -0.019608
6.241667 -0.007843
6.244444 -0.023529
6.247222 -0.015686
6.250000 -0.027451
6.252778 -0.031373
6.255556 -0.019608
6.258333 -0.015686
6.261111 -0.019608
6.263889 -0.015686
6.266667 -0.023529
6.269444 -0.035294
6.272222 -0.023529
6.275000 -0.019608
6.277778 -0.027451
6.280556 -0.039216
6.283333 -0.031373
6.286111 -0.031373
6.288889 -0.031373
6.291667 -0.031373
6.294444 -0.027451
6.297222 -0.031373
6.300000 -0.031373
6.302778 -0.035294
6.305556 -0.035294
6.308333 -0.023529
6.311111 -0.023529
6.313889 -0.027451
6.316667 -0.035294
6.319444 -0.031373
6.322222 -0.031373
6.325000 -0.023529
6.327778 -0.019608
6.330556 -0.027451
6.333333 -0.031373
6.336111 -0.031373
6.338889 -0.023529
6.341667 -0.015686
6.344444 -0.011765
6.347222 -0.003922
6.350000 -0.011765
6.352778 0.003922
6.355556 0.003922
6.358333 0.011765
6.361111 0.027451
6.363889 0.011765
6.366667 0.007843
6.369444 0.019608
6.372222 0.023529
6.375000 0.035294
6.377778 0.039216
6.380556 0.035294
6.383333 0.035294
6.386111 0.035294
6.388889 0.043137
6.391667 0.047059
6.394444 0.054902
6.397222 0.050980
6.400000 0.047059
6.402778 0.047059
6.405556 0.058824
6.408333 0.062745
6.411111 0.054902
6.413889 0.058824
6.416667 0.039216
6.419444 0.054902
6.422222 0.047059
6.425000 0.050980
6.427778 0.047059
6.430556 0.047059
6.433333 0.039216
6.436111 0.031373
6.438889 0.043137
6.441667 0.050980
6.444444 0.047059
6.447222 0.047059
6.450000 0.035294
6.452778 0.039216
6.455556 0.043137
6.458333 0.050980
6.461111 0.047059
6.463889 0.039216
6.466667 0.035294
6.469444 0.031373
6.472222 0.047059
6.475000 0.047059
6.477778 0.047059
6.480556 0.027451
6.483333 0.023529
6.486111 0.015686
6.488889 0.031373
6.491667 0.035294
6.494444 0.031373
6.497222 0.023529
6.500000 0.015686
6.502778 0.015686
6.505556 0.027451
6.508333 0.027451
6.511111 0.023529
6.513889 0.027451
6.516667 0.019608
6.519444 0.015686
6.522222 0.027451
6.525000 0.023529
6.527778 0.027451
6.530556 0.023529
6.533333 0.015686
6.536111 0.007843
6.538889 0.019608
6.541667 0.019608
6.544444 0.023529
6.547222 0.019608
6.550000 0.011765
6.552778 0.011765
6.555556 0.011765
6.558333 0.011765
6.561111 0.015686
6.563889 0.003922
6.566667 -0.003922
6.569444 0.000000
6.572222 0.015686
6.575000 0.011765
6.577778 0.015686
6.580556 0.007843
6.583333 0.015686
6.586111 0.015686
6.588889 0.015686
6.591667 0.023529
6.594444 0.027451
6.597222 0.023529
6.600000 0.007843
6.602778 0.000000
6.605556 0.007843
6.608333 0.019608
6.611111 0.023529
6.613889 0.031373
6.616667 0.027451
6.619444 0.027451
6.622222 0.050980
6.625000 0.054902
6.627778 0.058824
6.630556 0.054902
6.633333 0.050980
6.636111 0.050980
6.638889 0.058824
6.641667 0.074510
6.644444 0.082353
6.647222 0.090196
6.650000 0.086275
6.652778 0.082353
6.655556 0.090196
6.658333 0.090196
6.661111 0.090196
6.663889 0.086275
6.666667 0.070588
6.669444 0.074510
6.672222 0.070588
6.675000 0.078431
6.677778 0.070588
6.680556 0.062745
6.683333 0.058824
6.686111 0.078431
6.688889 0.098039
6.691667 0.098039
6.694444 0.070588
6.697222 0.039216
6.700000 0.023529
6.702778 0.015686
6.705556 0.000000
6.708333 0.007843
6.711111 0.000000
6.713889 -0.007843
6.716667 -0.007843
6.719444 -0.019608
6.722222 -0.015686
6.725000 -0.007843
6.727778 -0.003922
6.730556 -0.007843
6.733333 -0.015686
6.736111 -0.023529
6.738889 -0.023529
6.741667 -0.019608
6.744444 -0.015686
6.747222 -0.039216
6.750000 -0.027451
6.752778 -0.039216
6.755556 -0.027451
6.758333 -0.031373
6.761111 -0.031373
6.763889 -0.023529
6.766667 -0.039216
6.769444 -0.043137
6.772222 -0.039216
6.775000 -0.039216
6.777778 -0.070588
6.780556 -0.101961
6.783333 -0.133333
6.786111 -0.145098
6.788889 -0.152941
6.791667 -0.188235
6.794444 -0.223529
6.797222 -0.219608
6.800000 -0.168627
6.802778 -0.098039
6.805556 -0.027451
6.808333 0.031373
6.811111 0.094118
6.813889 0.172549
6.816667 0.270588
6.819444 0.423529
6.822222 0.592157
6.825000 0.725490
6.827778 0.815686
6.830556 0.886275
6.833333 0.913725
6.836111 0.850980
6.838889 0.674510
6.841667 0.388235
6.844444 0.121569
6.847222 -0.082353
6.850000 -0.160784
6.852778 -0.160784
6.855556 -0.113725
6.858333 -0.070588
6.861111 -0.066667
6.863889 -0.066667
6.866667 -0.074510
6.869444 -0.070588
6.872222 -0.066667
6.875000 -0.058824
6.877778 -0.047059
6.880556 -0.058824
6.883333 -0.058824
6.886111 -0.074510
6.888889 -0.062745
6.891667 -0.054902
6.894444 -0.047059
6.897222 -0.062745
6.900000 -0.066667
6.902778 -0.074510
6.905556 -0.062745
6.908333 -0.062745
6.911111 -0.066667
6.913889 -0.066667
6.916667 -0.074510
6.919444 -0.074510
6.922222 -0.074510
6.925000 -0.066667
6.927778 -0.070588
6.930556 -0.070588
6.933333 -0.070588
6.936111 -0.074510
6.938889 -0.062745
6.941667 -0.062745
6.944444 -0.050980
6.947222 -0.058824
6.950000 -0.066667
6.952778 -0.070588
6.955556 -0.062745
6.958333 -0.058824
6.961111 -0.062745
6.963889 -0.070588
6.966667 -0.078431
6.969444 -0.078431
6.972222 -0.070588
6.975000 -0.062745
6.977778 -0.054902
6.980556 -0.058824
6.983333 -0.066667
6.986111 -0.074510
6.988889 -0.070588
6.991667 -0.058824
6.994444 -0.058824
6.997222 -0.062745
7.000000 -0.078431
7.002778 -0.074510
7.005556 -0.066667
7.008333 -0.062745
7.011111 -0.062745
7.013889 -0.074510
7.016667 -0.078431
7.019444 -0.070588
7.022222 -0.062745
7.025000 -0.047059
7.027778 -0.054902
7.030556 -0.058824
7.033333 -0.066667
7.036111 -0.066667
7.038889 -0.058824
7.041667 -0.058824
7.044444 -0.050980
7.047222 -0.058824
7.050000 -0.062745
7.052778 -0.070588
7.055556 -0.062745
7.058333 -0.054902
7.061111 -0.054902
7.063889 -0.066667
7.066667 -0.074510
7.069444 -0.082353
7.072222 -0.070588
7.075000 -0.066667
7.077778 -0.074510
7.080556 -0.078431
7.083333 -0.078431
7.086111 -0.086275
7.088889 -0.082353
7.091667 -0.074510
7.094444 -0.082353
7.097222 -0.078431
7.100000 -0.074510
7.102778 -0.082353
7.105556 -0.070588
7.108333 -0.062745
7.111111 -0.066667
7.113889 -0.070588
7.116667 -0.066667
7.119444 -0.070588
7.122222 -0.058824
7.125000 -0.047059
7.127778 -0.043137
7.130556 -0.043137
7.133333 -0.050980
7.136111 -0.043137
7.138889 -0.019608
7.141667 -0.015686
7.144444 -0.015686
7.147222 -0.015686
7.150000 -0.015686
7.152778 -0.019608
7.155556 -0.015686
7.158333 -0.003922
7.161111 0.000000
7.163889 0.000000
7.166667 -0.011765
7.169444 -0.015686
7.172222 -0.007843
7.175000 0.000000
7.177778 0.000000
7.180556 -0.011765
7.183333 -0.011765
7.186111 -0.011765
7.188889 -0.007843
7.191667 0.000000
7.194444 0.000000
7.197222 -0.007843
7.200000 -0.007843
7.202778 -0.011765
7.205556 -0.011765
7.208333 -0.003922
7.211111 -0.011765
7.213889 -0.011765
7.216667 -0.019608
7.219444 -0.027451
7.222222 -0.015686
7.225000 -0.011765
7.227778 -0.011765
7.230556 -0.015686
7.233333 -0.023529
7.236111 -0.027451
7.238889 -0.015686
7.241667 -0.023529
7.244444 -0.015686
7.247222 -0.011765
7.250000 -0.035294
7.252778 -0.027451
7.255556 -0.027451
7.258333 -0.011765
7.261111 -0.019608
7.263889 -0.023529
7.266667 -0.039216
7.269444 -0.043137
7.272222 -0.031373
7.275000 -0.031373
7.277778 -0.023529
7.280556 -0.023529
7.283333 -0.035294
7.286111 -0.043137
7.288889 -0.027451
7.291667 -0.031373
7.294444 -0.031373
7.297222 -0.039216
7.300000 -0.047059
7.302778 -0.058824
7.305556 -0.047059
7.308333 -0.047059
7.311111 -0.058824
7.313889 -0.050980
7.316667 -0.054902
7.319444 -0.058824
7.322222 -0.050980
7.325000 -0.050980
7.327778 -0.047059
7.330556 -0.054902
7.333333 -0.066667
7.336111 -0.066667
7.338889 -0.054902
7.341667 -0.054902
7.344444 -0.050980
7.347222 -0.054902
7.350000 -0.054902
7.352778 -0.050980
7.355556 -0.047059
7.358333 -0.039216
7.361111 -0.039216
7.363889 -0.047059
7.366667 -0.058824
7.369444 -0.066667
7.372222 -0.058824
7.375000 -0.058824
7.377778 -0.047059
7.380556 -0.050980
7.383333 -0.047059
7.386111 -0.043137
7.388889 -0.023529
7.391667 -0.007843
7.394444 -0.003922
7.397222 -0.003922
7.400000 -0.003922
7.402778 -0.003922
7.405556 0.000000
7.408333 0.007843
7.411111 0.015686
7.413889 0.023529
7.416667 0.019608
7.419444 0.023529
7.422222 0.027451
7.425000 0.039216
7.427778 0.039216
7.430556 0.043137
7.433333 0.031373
7.436111 0.023529
7.438889 0.027451
7.441667 0.035294
7.444444 0.023529
7.447222 0.019608
7.450000 0.031373
7.452778 0.023529
7.455556 0.015686
7.458333 0.011765
7.461111 0.007843
7.463889 0.011765
7.466667 0.023529
7.469444 0.027451
7.472222 0.019608
7.475000 0.000000
7.477778 -0.015686
7.480556 -0.027451
7.483333 -0.047059
7.486111 -0.066667
7.488889 -0.066667
7.491667 -0.066667
7.494444 -0.074510
7.497222 -0.078431
7.500000 -0.078431
7.502778 -0.078431
7.505556 -0.066667
7.508333 -0.066667
7.511111 -0.062745
7.513889 -0.078431
7.516667 -0.078431
7.519444 -0.078431
7.522222 -0.070588
7.525000 -0.062745
7.527778 -0.066667
7.530556 -0.066667
7.533333 -0.082353
7.536111 -0.090196
7.538889 -0.086275
7.541667 -0.082353
7.544444 -0.078431
7.547222 -0.090196
7.550000 -0.109804
7.552778 -0.129412
7.555556 -0.145098
7.558333 -0.156863
7.561111 -0.168627
7.563889 -0.211765
7.566667 -0.250980
7.569444 -0.243137
7.572222 -0.180392
7.575000 -0.082353
7.577778 0.015686
7.580556 0.149020
7.583333 0.329412
7.586111 0.549020
7.588889 0.752941
7.591667 0.874510
7.594444 0.890196
7.597222 0.752941
7.600000 0.470588
7.602778 0.152941
7.605556 -0.078431
7.608333 -0.192157
7.611111 -0.207843
7.613889 -0.188235
7.616667 -0.156863
7.619444 -0.141176
7.622222 -0.121569
7.625000 -0.105882
7.627778 -0.094118
7.630556 -0.094118
7.633333 -0.098039
7.636111 -0.101961
7.638889 -0.094118
7.641667 -0.090196
7.644444 -0.094118
7.647222 -0.098039
7.650000 -0.105882
7.652778 -0.109804
7.655556 -0.105882
7.658333 -0.109804
7.661111 -0.105882
7.663889 -0.113725
7.666667 -0.113725
7.669444 -0.121569
7.672222 -0.109804
7.675000 -0.109804
7.677778 -0.113725
7.680556 -0.117647
7.683333 -0.121569
7.686111 -0.125490
7.688889 -0.129412
7.691667 -0.117647
7.694444 -0.121569
7.697222 -0.125490
7.700000 -0.129412
7.702778 -0.137255
7.705556 -0.125490
7.708333 -0.121569
7.711111 -0.113725
7.713889 -0.117647
7.716667 -0.125490
7.719444 -0.113725
7.722222 -0.105882
7.725000 -0.101961
7.727778 -0.109804
7.730556 -0.109804
7.733333 -0.113725
7.736111 -0.121569
7.738889 -0.117647
7.741667 -0.105882
7.744444 -0.109804
7.747222 -0.117647
7.750000 -0.129412
7.752778 -0.129412
7.755556 -0.121569
7.758333 -0.113725
7.761111 -0.117647
7.763889 -0.113725
7.766667 -0.121569
7.769444 -0.129412
7.772222 -0.121569
7.775000 -0.109804
7.777778 -0.101961
7.780556 -0.113725
7.783333 -0.109804
7.786111 -0.113725
7.788889 -0.105882
7.791667 -0.101961
7.794444 -0.098039
7.797222 -0.117647
7.800000 -0.121569
7.802778 -0.129412
7.805556 -0.117647
7.808333 -0.117647
7.811111 -0.113725
7.813889 -0.125490
7.816667 -0.129412
7.819444 -0.129412
7.822222 -0.125490
7.825000 -0.113725
7.827778 -0.117647
7.830556 -0.113725
7.833333 -0.125490
7.836111 -0.133333
7.838889 -0.133333
7.841667 -0.133333
7.844444 -0.125490
7.847222 -0.133333
7.850000 -0.141176
7.852778 -0.152941
7.855556 -0.152941
7.858333 -0.149020
7.861111 -0.145098
7.863889 -0.152941
7.866667 -0.168627
7.869444 -0.164706
7.872222 -0.160784
7.875000 -0.156863
7.877778 -0.141176
7.880556 -0.141176
7.883333 -0.137255
7.886111 -0.137255
7.888889 -0.121569
7.891667 -0.109804
7.894444 -0.098039
7.897222 -0.086275
7.900000 -0.094118
7.902778 -0.090196
7.905556 -0.078431
7.908333 -0.070588
7.911111 -0.058824
7.913889 -0.062745
7.916667 -0.062745
7.919444 -0.050980
7.922222 -0.047059
7.925000 -0.039216
7.927778 -0.027451
7.930556 -0.027451
7.933333 -0.031373
7.936111 -0.039216
7.938889 -0.023529
7.941667 -0.027451
7.944444 -0.023529
7.947222 -0.027451
7.950000 -0.031373
7.952778 -0.031373
7.955556 -0.019608
7.958333 -0.019608
7.961111 -0.019608
7.963889 -0.027451
7.966667 -0.035294
7.969444 -0.031373
7.972222 -0.031373
7.975000 -0.023529
7.977778 -0.015686
7.980556 -0.027451
7.983333 -0.035294
7.986111 -0.035294
7.988889 -0.031373
7.991667 -0.023529
7.994444 -0.019608
7.997222 -0.015686
8.000000 -0.027451
8.002778 -0.027451
8.005556 -0.019608
8.008333 -0.007843
8.011111 -0.023529
8.013889 -0.023529
8.016667 -0.031373
8.019444 -0.039216
8.022222 -0.035294
8.025000 -0.027451
8.027778 -0.027451
8.030556 -0.027451
8.033333 -0.035294
8.036111 -0.035294
8.038889 -0.039216
8.041667 -0.019608
8.044444 -0.027451
8.047222 -0.031373
8.050000 -0.043137
8.052778 -0.047059
8.055556 -0.035294
8.058333 -0.031373
8.061111 -0.027451
8.063889 -0.031373
8.066667 -0.039216
8.069444 -0.043137
8.072222 -0.031373
8.075000 -0.031373
8.077778 -0.031373
8.080556 -0.035294
8.083333 -0.047059
8.086111 -0.043137
8.088889 -0.035294
8.091667 -0.035294
8.094444 -0.031373
8.097222 -0.039216
8.100000 -0.039216
8.102778 -0.050980
8.105556 -0.039216
8.108333 -0.035294
8.111111 -0.031373
8.113889 -0.035294
8.116667 -0.039216
8.119444 -0.043137
8.122222 -0.031373
8.125000 -0.031373
8.127778 -0.031373
8.130556 -0.031373
8.133333 -0.031373
8.136111 -0.023529
8.138889 -0.023529
8.141667 -0.023529
8.144444 -0.015686
8.147222 -0.019608
8.150000 -0.015686
8.152778 -0.027451
8.155556 -0.023529
8.158333 -0.015686
8.161111 -0.015686
8.163889 -0.015686
8.166667 -0.019608
8.169444 -0.015686
8.172222 0.000000
8.175000 0.015686
8.177778 0.031373
8.180556 0.015686
8.183333 0.023529
8.186111 0.015686
8.188889 0.023529
8.191667 0.043137
8.194444 0.050980
8.197222 0.054902
8.200000 0.054902
8.202778 0.054902
8.205556 0.062745
8.208333 0.066667
8.211111 0.070588
8.213889 0.062745
8.216667 0.058824
8.219444 0.047059
8.222222 0.058824
8.225000 0.058824
8.227778 0.058824
8.230556 0.039216
8.233333 0.050980
8.236111 0.062745
8.238889 0.074510
8.241667 0.082353
8.244444 0.062745
8.247222 0.043137
8.250000 0.019608
8.252778 0.011765
8.255556 0.011765
8.258333 0.003922
8.261111 0.003922
8.263889 -0.015686
8.266667 -0.023529
8.269444 -0.031373
8.272222 -0.035294
8.275000 -0.023529
8.277778 -0.023529
8.280556 -0.019608
8.283333 -0.031373
8.286111 -0.035294
8.288889 -0.031373
8.291667 -0.019608
8.294444 -0.031373
8.297222 -0.027451
8.300000 -0.047059
8.302778 -0.043137
8.305556 -0.035294
8.308333 -0.043137
8.311111 -0.031373
8.313889 -0.039216
8.316667 -0.043137
8.319444 -0.054902
8.322222 -0.050980
8.325000 -0.062745
8.327778 -0.090196
8.330556 -0.129412
8.333333 -0.129412
8.336111 -0.141176
8.338889 -0.156863
8.341667 -0.188235
8.344444 -0.215686
8.347222 -0.215686
8.350000 -0.180392
8.352778 -0.117647
8.355556 -0.019608
8.358333 0.082353
8.361111 0.227451
8.363889 0.431373
8.366667 0.650980
8.369444 0.823529
8.372222 0.913725
8.375000 0.878431
8.377778 0.662745
8.380556 0.341176
8.383333 0.043137
8.386111 -0.137255
8.388889 -0.164706
8.391667 -0.125490
8.394444 -0.074510
8.397222 -0.058824
8.400000 -0.058824
8.402778 -0.070588
8.405556 -0.062745
8.408333 -0.062745
8.411111 -0.043137
8.413889 -0.047059
8.416667 -0.054902
8.419444 -0.062745
8.422222 -0.058824
8.425000 -0.050980
8.427778 -0.043137
8.430556 -0.054902
8.433333 -0.058824
8.436111 -0.062745
8.438889 -0.058824
8.441667 -0.054902
8.444444 -0.047059
8.447222 -0.047059
8.450000 -0.058824
8.452778 -0.074510
8.455556 -0.054902
8.458333 -0.054902
8.461111 -0.043137
8.463889 -0.047059
8.466667 -0.058824
8.469444 -0.054902
8.472222 -0.054902
8.475000 -0.047059
8.477778 -0.035294
8.480556 -0.043137
8.483333 -0.047059
8.486111 -0.054902
8.488889 -0.039216
8.491667 -0.035294
8.494444 -0.039216
8.497222 -0.047059
8.500000 -0.047059
8.502778 -0.043137
8.505556 -0.047059
8.508333 -0.043137
8.511111 -0.043137
8.513889 -0.047059
8.516667 -0.050980
8.519444 -0.058824
8.522222 -0.054902
8.525000 -0.047059
8.527778 -0.050980
8.530556 -0.039216
8.533333 -0.050980
8.536111 -0.043137
8.538889 -0.047059
8.541667 -0.039216
8.544444 -0.027451
8.547222 -0.031373
8.550000 -0.035294
8.552778 -0.047059
8.555556 -0.043137
8.558333 -0.031373
8.561111 -0.027451
8.563889 -0.035294
8.566667 -0.035294
8.569444 -0.039216
8.572222 -0.031373
8.575000 -0.023529
8.577778 -0.011765
8.580556 -0.023529
8.583333 -0.039216
8.586111 -0.043137
8.588889 -0.039216
8.591667 -0.035294
8.594444 -0.035294
8.597222 -0.035294
8.600000 -0.043137
8.602778 -0.047059
8.605556 -0.043137
8.608333 -0.043137
8.611111 -0.023529
8.613889 -0.031373
8.616667 -0.035294
8.619444 -0.043137
8.622222 -0.039216
8.625000 -0.031373
8.627778 -0.031373
8.630556 -0.027451
8.633333 -0.035294
8.636111 -0.035294
8.638889 -0.031373
8.641667 -0.023529
8.644444 -0.019608
8.647222 -0.027451
8.650000 -0.023529
8.652778 -0.019608
8.655556 -0.015686
8.658333 0.000000
8.661111 0.000000
8.663889 0.007843
8.666667 0.011765
8.669444 0.011765
8.672222 0.019608
8.675000 0.019608
8.677778 0.039216
8.680556 0.043137
8.683333 0.035294
8.686111 0.027451
8.688889 0.047059
8.691667 0.050980
8.694444 0.050980
8.697222 0.054902
8.700000 0.047059
8.702778 0.043137
8.705556 0.047059
8.708333 0.050980
8.711111 0.050980
8.713889 0.050980
8.716667 0.050980
8.719444 0.039216
8.722222 0.043137
8.725000 0.054902
8.727778 0.047059
8.730556 0.050980
8.733333 0.050980
8.736111 0.043137
8.738889 0.043137
8.741667 0.054902
8.744444 0.054902
8.747222 0.058824
8.750000 0.058824
8.752778 0.054902
8.755556 0.058824
8.758333 0.054902
8.761111 0.047059
8.763889 0.050980
8.766667 0.043137
8.769444 0.043137
8.772222 0.047059
8.775000 0.043137
8.777778 0.047059
8.780556 0.043137
8.783333 0.043137
8.786111 0.031373
8.788889 0.035294
8.791667 0.039216
8.794444 0.043137
8.797222 0.035294
8.800000 0.027451
8.802778 0.031373
8.805556 0.031373
8.808333 0.035294
8.811111 0.039216
8.813889 0.039216
8.816667 0.031373
8.819444 0.027451
8.822222 0.023529
8.825000 0.039216
8.827778 0.039216
8.830556 0.039216
8.833333 0.019608
8.836111 0.027451
8.838889 0.023529
8.841667 0.035294
8.844444 0.035294
8.847222 0.031373
8.850000 0.027451
8.852778 0.019608
8.855556 0.027451
8.858333 0.035294
8.861111 0.027451
8.863889 0.023529
8.866667 0.015686
8.869444 0.015686
8.872222 0.027451
8.875000 0.019608
8.877778 0.031373
8.880556 0.031373
8.883333 0.035294
8.886111 0.019608
8.888889 0.023529
8.891667 0.019608
8.894444 0.023529
8.897222 0.023529
8.900000 0.035294
8.902778 0.027451
8.905556 0.031373
8.908333 0.043137
8.911111 0.043137
8.913889 0.050980
8.916667 0.047059
8.919444 0.039216
8.922222 0.058824
8.925000 0.070588
8.927778 0.070588
8.930556 0.070588
8.933333 0.078431
8.936111 0.086275
8.938889 0.090196
8.941667 0.094118
8.944444 0.098039
8.947222 0.101961
8.950000 0.109804
8.952778 0.113725
8.955556 0.113725
8.958333 0.125490
8.961111 0.141176
8.963889 0.141176
8.966667 0.121569
8.969444 0.109804
8.972222 0.125490
8.975000 0.129412
8.977778 0.129412
8.980556 0.121569
8.983333 0.117647
8.986111 0.121569
8.988889 0.133333
8.991667 0.133333
8.994444 0.133333
8.997222 0.125490
9.000000 0.137255
9.002778 0.141176
9.005556 0.129412
9.008333 0.105882
9.011111 0.094118
9.013889 0.078431
9.016667 0.058824
9.019444 0.047059
9.022222 0.035294
9.025000 0.031373
9.027778 0.023529
9.030556 0.019608
9.033333 0.023529
9.036111 0.019608
9.038889 0.023529
9.041667 0.027451
9.044444 0.027451
9.047222 0.023529
9.050000 0.019608
9.052778 0.015686
9.055556 0.023529
9.058333 0.027451
9.061111 0.027451
9.063889 0.019608
9.066667 0.011765
9.069444 0.003922
9.072222 0.007843
9.075000 0.023529
9.077778 0.015686
9.080556 0.015686
9.083333 0.007843
9.086111 -0.007843
9.088889 -0.015686
9.091667 -0.047059
9.094444 -0.070588
9.097222 -0.086275
9.100000 -0.121569
9.102778 -0.156863
9.105556 -0.152941
9.108333 -0.090196
9.111111 0.007843
9.113889 0.121569
9.116667 0.262745
9.119444 0.458824
9.122222 0.694118
9.125000 0.858824
9.127778 0.917647
9.130556 0.854902
9.133333 0.639216
9.136111 0.333333
9.138889 0.054902
9.141667 -0.082353
9.144444 -0.117647
9.147222 -0.082353
9.150000 -0.039216
9.152778 -0.027451
9.155556 -0.019608
9.158333 -0.015686
9.161111 -0.011765
9.163889 -0.003922
9.166667 -0.007843
9.169444 -0.015686
9.172222 -0.011765
9.175000 0.007843
9.177778 0.011765
9.180556 0.007843
9.183333 0.000000
9.186111 -0.019608
9.188889 -0.003922
9.191667 -0.003922
9.194444 0.011765
9.197222 0.003922
9.200000 0.000000
9.202778 -0.007843
9.205556 -0.015686
9.208333 0.000000
9.211111 -0.003922
9.213889 0.003922
9.216667 -0.011765
9.219444 -0.007843
9.222222 0.003922
9.225000 0.003922
9.227778 0.000000
9.230556 -0.007843
9.233333 -0.007843
9.236111 -0.015686
9.238889 -0.007843
9.241667 0.000000
9.244444 0.000000
9.247222 -0.003922
9.250000 -0.003922
9.252778 0.000000
9.255556 0.007843
9.258333 0.007843
9.261111 0.011765
9.263889 0.011765
9.266667 0.007843
9.269444 -0.003922
9.272222 0.000000
9.275000 0.003922
9.277778 0.011765
9.280556 0.007843
9.283333 0.003922
9.286111 -0.003922
9.288889 0.000000
9.291667 0.003922
9.294444 0.007843
9.297222 0.011765
9.300000 -0.003922
9.302778 -0.011765
9.305556 -0.003922
9.308333 -0.007843
9.311111 0.011765
9.313889 0.011765
9.316667 0.000000
9.319444 0.000000
9.322222 -0.003922
9.325000 0.011765
9.327778 0.011765
9.330556 0.015686
9.333333 0.019608
9.336111 0.011765
9.338889 0.007843
9.341667 0.015686
9.344444 0.027451
9.347222 0.011765
9.350000 0.007843
9.352778 0.007843
9.355556 0.011765
9.358333 0.011765
9.361111 0.007843
9.363889 0.007843
9.366667 0.000000
9.369444 -0.003922
9.372222 -0.007843
9.375000 0.000000
9.377778 0.003922
9.380556 0.003922
9.383333 0.000000
9.386111 -0.011765
9.388889 -0.003922
9.391667 -0.007843
9.394444 0.000000
9.397222 -0.007843
9.400000 -0.019608
9.402778 -0.011765
9.405556 -0.007843
9.408333 0.011765
9.411111 0.011765
9.413889 0.015686
9.416667 0.015686
9.419444 0.019608
9.422222 0.039216
9.425000 0.047059
9.427778 0.054902
9.430556 0.054902
9.433333 0.058824
9.436111 0.050980
9.438889 0.062745
9.441667 0.070588
9.444444 0.074510
9.447222 0.078431
9.450000 0.078431
9.452778 0.062745
9.455556 0.066667
9.458333 0.086275
9.461111 0.082353
9.463889 0.082353
9.466667 0.078431
9.469444 0.074510
9.472222 0.082353
9.475000 0.090196
9.477778 0.090196
9.480556 0.086275
9.483333 0.086275
9.486111 0.074510
9.488889 0.082353
9.491667 0.094118
9.494444 0.098039
9.497222 0.098039
9.500000 0.082353
9.502778 0.074510
9.505556 0.082353
9.508333 0.090196
9.511111 0.094118
9.513889 0.090196
9.516667 0.078431
9.519444 0.070588
9.522222 0.078431
9.525000 0.078431
9.527778 0.078431
9.530556 0.082353
9.533333 0.078431
9.536111 0.070588
9.538889 0.066667
9.541667 0.070588
9.544444 0.078431
9.547222 0.074510
9.550000 0.062745
9.552778 0.054902
9.555556 0.058824
9.558333 0.066667
9.561111 0.070588
9.563889 0.062745
9.566667 0.062745
9.569444 0.054902
9.572222 0.058824
9.575000 0.070588
9.577778 0.074510
9.580556 0.062745
9.583333 0.050980
9.586111 0.054902
9.588889 0.058824
9.591667 0.066667
9.594444 0.054902
9.597222 0.047059
9.600000 0.050980
9.602778 0.043137
9.605556 0.047059
9.608333 0.054902
9.611111 0.047059
9.613889 0.050980
9.616667 0.039216
9.619444 0.043137
9.622222 0.043137
9.625000 0.050980
9.627778 0.054902
9.630556 0.054902
9.633333 0.054902
9.636111 0.047059
9.638889 0.035294
9.641667 0.054902
9.644444 0.050980
9.647222 0.054902
9.650000 0.047059
9.652778 0.039216
9.655556 0.043137
9.658333 0.047059
9.661111 0.054902
9.663889 0.054902
9.666667 0.050980
9.669444 0.035294
9.672222 0.043137
9.675000 0.050980
9.677778 0.062745
9.680556 0.066667
9.683333 0.078431
9.686111 0.066667
9.688889 0.078431
9.691667 0.094118
9.694444 0.101961
9.697222 0.113725
9.700000 0.113725
9.702778 0.109804
9.705556 0.109804
9.708333 0.117647
9.711111 0.125490
9.713889 0.137255
9.716667 0.137255
9.719444 0.137255
9.722222 0.145098
9.725000 0.152941
9.727778 0.152941
9.730556 0.145098
9.733333 0.137255
9.736111 0.117647
9.738889 0.121569
9.741667 0.129412
9.744444 0.141176
9.747222 0.137255
9.750000 0.133333
9.752778 0.133333
9.755556 0.156863
9.758333 0.160784
9.761111 0.141176
9.763889 0.105882
9.766667 0.082353
9.769444 0.070588
9.772222 0.066667
9.775000 0.058824
9.777778 0.062745
9.780556 0.043137
9.783333 0.027451
9.786111 0.023529
9.788889 0.023529
9.791667 0.039216
9.794444 0.043137
9.797222 0.039216
9.800000 0.023529
9.802778 0.023529
9.805556 0.015686
9.808333 0.019608
9.811111 0.019608
9.813889 0.019608
9.816667 0.011765
9.819444 0.007843
9.822222 0.011765
9.825000 0.011765
9.827778 0.015686
9.830556 0.007843
9.833333 0.011765
9.836111 -0.003922
9.838889 0.000000
9.841667 0.007843
9.844444 0.011765
9.847222 0.003922
9.850000 0.000000
9.852778 -0.011765
9.855556 -0.011765
9.858333 -0.011765
9.861111 -0.031373
9.863889 -0.058824
9.866667 -0.074510
9.869444 -0.105882
9.872222 -0.137255
9.875000 -0.156863
9.877778 -0.133333
9.880556 -0.086275
9.883333 -0.003922
9.886111 0.105882
9.888889 0.262745
9.891667 0.474510
9.894444 0.690196
9.897222 0.847059
9.900000 0.901961
9.902778 0.815686
9.905556 0.596078
9.908333 0.301961
9.911111 0.039216
9.913889 -0.098039
9.916667 -0.125490
9.919444 -0.094118
9.922222 -0.047059
9.925000 -0.019608
9.927778 -0.019608
9.930556 -0.019608
9.933333 -0.015686
9.936111 -0.019608
9.938889 -0.011765
9.941667 -0.003922
9.944444 0.000000
9.947222 -0.015686
9.950000 -0.019608
9.952778 -0.023529
9.955556 -0.019608
9.958333 -0.015686
9.961111 -0.007843
9.963889 -0.011765
9.966667 -0.023529
9.969444 -0.039216
9.972222 -0.035294
9.975000 -0.019608
9.977778 -0.023529
9.980556 -0.019608
9.983333 -0.019608
9.986111 -0.027451
9.988889 -0.027451
9.991667 -0.015686
9.994444 -0.023529
9.997222 -0.011765
